Case #1:
8046256
8276990
8393636
8044506
8073427
8203363
8316122
8207806
8089298
8172577
8348433
8360828
8172021
8125314
8219838
8290240
8392439
8407481
8320719
8137525
Case #2:
3976
4039
4280
3755
4408
3773
4072
4150
4064
4204
Case #3:
3202
3162
3214
3178
3512
3316
3038
3150
2861
3287
2970
3054
3295
3549
3362
3476
2928
3312
3363
3170
Case #4:
7360215570
7383593599
7374575223
7376970180
7354205571
7354803900
7379178466
7360417310
7348410006
7367521339
7347344818
7362205212
7373299113
7371685696
7359424206
7379216767
7377305332
7355448151
7348496457
7357426219
Case #5:
1263678
1263382
1278949
1282105
1270325
1269244
1266522
1264053
1275457
1256904
1264916
1269435
1261801
1278121
1258839
1275763
1260230
1278358
1278143
1278364
Case #6:
1029903289
1028409973
1029012003
1030471990
1031660362
1029090088
1031984589
1030705467
1031929037
1030200930
1029475960
1028373060
1027428573
1027584301
1031648842
1032001926
1028453352
1030923986
1027874868
1031741886
Case #7:
645772883
646928926
647027735
645924738
647108534
646064682
646238760
645184106
645752185
646949308
646384502
645389926
645938512
646821176
646585212
646434284
646596391
646651971
645012403
644889994
Case #8:
368480062
367612939
368890432
367659962
368133884
367622159
367733074
368869684
367561851
368142826
368513707
368886182
368473747
367621606
368396158
367670970
368224306
368727884
368751805
368825321
Case #9:
363427735
362949927
363232403
364009488
363667146
364194813
364062370
363165549
362963594
364088015
363356519
363268024
363207820
363267399
363747401
363360352
363931833
363617208
363289823
362922410
Case #10:
229314309
229491773
229080130
229068420
229028105
228922986
229188177
228882838
229057290
229164293
229590951
229338100
228851278
229277937
229178040
228702020
229517188
229348027
228869537
228669937
